p wcnf 132 264 265 
1 63 -73 0 
1 23 48 0 
1 121 48 0 
1 67 113 0 
1 55 -56 0 
1 -31 -64 0 
1 -64 -89 0 
1 -34 23 0 
1 -15 -125 0 
1 -45 108 0 
1 68 108 0 
1 -62 -100 0 
1 -78 51 0 
1 -98 22 0 
1 15 73 0 
1 -72 -118 0 
1 115 65 0 
1 82 117 0 
1 -80 60 0 
1 128 -23 0 
1 39 65 0 
1 36 -96 0 
1 5 -70 0 
1 53 -64 0 
1 -57 -44 0 
1 -3 -67 0 
1 8 -47 0 
1 58 -121 0 
1 -39 53 0 
1 18 132 0 
1 -18 -101 0 
1 118 -113 0 
1 -68 -13 0 
1 108 -8 0 
1 103 -77 0 
1 49 67 0 
1 -37 -104 0 
1 -98 113 0 
1 81 25 0 
1 52 132 0 
1 103 -34 0 
1 87 21 0 
1 101 27 0 
1 1 -3 0 
1 -98 -113 0 
1 -26 131 0 
1 -83 27 0 
1 36 -33 0 
1 105 57 0 
1 -104 -57 0 
1 -41 -59 0 
1 -81 13 0 
1 -118 8 0 
1 -12 -95 0 
1 37 -68 0 
1 54 42 0 
1 34 -92 0 
1 119 -82 0 
1 -55 -105 0 
1 -73 78 0 
1 79 -110 0 
1 -91 -68 0 
1 -13 100 0 
1 -100 -38 0 
1 118 94 0 
1 -104 -75 0 
1 -37 82 0 
1 -11 -71 0 
1 120 -130 0 
1 -43 -52 0 
1 -48 74 0 
1 36 49 0 
1 -123 -48 0 
1 -106 -5 0 
1 94 -82 0 
1 -23 -79 0 
1 -115 33 0 
1 6 120 0 
1 -88 81 0 
1 85 -68 0 
1 61 94 0 
1 -14 49 0 
1 117 108 0 
1 -62 -28 0 
1 -130 -24 0 
1 101 62 0 
1 90 -54 0 
1 40 -47 0 
1 -103 67 0 
1 -86 -81 0 
1 -48 85 0 
1 83 -53 0 
1 120 -114 0 
1 -132 8 0 
1 37 92 0 
1 122 -69 0 
1 -132 -91 0 
1 112 54 0 
1 -25 -69 0 
1 -42 64 0 
1 65 -43 0 
1 102 -106 0 
1 -126 -132 0 
1 -13 5 0 
1 63 84 0 
1 -6 -71 0 
1 -100 40 0 
1 -90 9 0 
1 -81 30 0 
1 67 -2 0 
1 48 98 0 
1 -121 30 0 
1 -79 104 0 
1 105 -77 0 
1 30 -8 0 
1 -11 125 0 
1 63 9 0 
1 26 62 0 
1 -121 -9 0 
1 -30 -59 0 
1 -107 -102 0 
1 40 -67 0 
1 68 -87 0 
1 34 92 0 
1 51 63 0 
1 13 70 0 
1 56 58 0 
1 -40 62 0 
1 -108 35 0 
1 67 -31 0 
1 85 -60 0 
1 79 107 0 
1 -21 9 0 
1 31 66 0 
1 -88 -86 0 
1 -119 -29 0 
1 -109 -118 0 
1 -95 -113 0 
1 127 -24 0 
1 -56 29 0 
1 -13 77 0 
1 62 14 0 
1 -25 97 0 
1 78 35 0 
1 64 30 0 
1 -101 55 0 
1 88 89 0 
1 -54 -48 0 
1 -31 -76 0 
1 -110 103 0 
1 -89 -38 0 
1 -125 -101 0 
1 -69 -54 0 
1 8 -38 0 
1 -72 -91 0 
1 24 66 0 
1 -28 -112 0 
1 118 -126 0 
1 54 79 0 
1 67 86 0 
1 79 -131 0 
1 -29 26 0 
1 95 -37 0 
1 -17 -93 0 
1 79 102 0 
1 -125 -65 0 
1 -4 124 0 
1 129 78 0 
1 57 71 0 
1 -4 -29 0 
1 -123 81 0 
1 85 60 0 
1 36 -96 0 
1 82 107 0 
1 -24 -4 0 
1 89 -42 0 
1 74 106 0 
1 -14 4 0 
1 -4 1 0 
1 -5 -92 0 
1 -74 17 0 
1 59 30 0 
1 -111 -91 0 
1 -89 -45 0 
1 -48 21 0 
1 -100 19 0 
1 76 34 0 
1 55 130 0 
1 71 40 0 
1 -122 50 0 
1 37 -105 0 
1 -61 81 0 
1 -106 66 0 
1 -9 -86 0 
1 -100 -7 0 
1 8 -32 0 
1 -50 76 0 
1 19 -57 0 
1 81 119 0 
1 -60 66 0 
1 37 125 0 
1 50 65 0 
1 -87 -37 0 
1 38 -49 0 
1 -68 86 0 
1 43 -25 0 
1 19 -62 0 
1 56 25 0 
1 -102 105 0 
1 74 83 0 
1 -94 -82 0 
1 -45 -29 0 
1 7 87 0 
1 123 -99 0 
1 59 -92 0 
1 121 102 0 
1 -74 109 0 
1 -40 -105 0 
1 -104 93 0 
1 1 -99 0 
1 -116 41 0 
1 -97 115 0 
1 1 128 0 
1 46 91 0 
1 16 -117 0 
1 111 -32 0 
1 42 124 0 
1 23 -31 0 
1 116 58 0 
1 -73 -26 0 
1 52 -96 0 
1 -30 49 0 
1 67 -90 0 
1 4 -7 0 
1 -85 -128 0 
1 -71 -23 0 
1 69 40 0 
1 110 45 0 
1 -33 -29 0 
1 26 -41 0 
1 -126 -93 0 
1 -118 62 0 
1 -132 39 0 
1 102 100 0 
1 36 -24 0 
1 -129 51 0 
1 114 -66 0 
1 14 -15 0 
1 68 60 0 
1 -67 -125 0 
1 -68 -85 0 
1 -77 -25 0 
1 91 -24 0 
1 49 7 0 
1 99 -62 0 
1 -3 108 0 
1 -87 -69 0 
1 1 -25 0 
1 -99 -70 0 
1 116 100 0 
1 1 -12 0 
1 81 -21 0 
1 -61 122 0 
1 -16 -104 0 
