p wcnf 105 210 211 
1 3 23 0 
1 -93 -63 0 
1 19 -49 0 
1 73 -93 0 
1 14 -45 0 
1 -65 80 0 
1 55 -102 0 
1 -55 11 0 
1 -50 -26 0 
1 -7 66 0 
1 -11 -99 0 
1 83 86 0 
1 41 -9 0 
1 -46 -56 0 
1 44 -39 0 
1 85 -67 0 
1 42 -23 0 
1 53 61 0 
1 -19 41 0 
1 82 -59 0 
1 -76 101 0 
1 -39 -65 0 
1 -20 34 0 
1 -6 86 0 
1 -87 -88 0 
1 47 13 0 
1 -93 101 0 
1 -95 56 0 
1 70 -93 0 
1 35 104 0 
1 -104 61 0 
1 28 72 0 
1 102 37 0 
1 -70 -88 0 
1 17 24 0 
1 -104 84 0 
1 90 -8 0 
1 -63 47 0 
1 -101 38 0 
1 -21 84 0 
1 -18 28 0 
1 -7 99 0 
1 61 48 0 
1 89 39 0 
1 -25 -8 0 
1 75 -72 0 
1 90 33 0 
1 6 -72 0 
1 25 -44 0 
1 39 -70 0 
1 -22 -55 0 
1 -104 -18 0 
1 -29 58 0 
1 24 -63 0 
1 -64 -46 0 
1 42 -91 0 
1 69 35 0 
1 102 -32 0 
1 5 -31 0 
1 81 80 0 
1 -34 90 0 
1 -47 -90 0 
1 62 66 0 
1 -55 5 0 
1 67 -72 0 
1 56 44 0 
1 -34 104 0 
1 -90 -27 0 
1 12 90 0 
1 93 91 0 
1 55 -63 0 
1 -68 -57 0 
1 -34 10 0 
1 -79 24 0 
1 98 43 0 
1 58 39 0 
1 -102 -8 0 
1 -28 29 0 
1 -64 -90 0 
1 -4 -38 0 
1 40 -26 0 
1 36 19 0 
1 41 -5 0 
1 -72 63 0 
1 -92 -16 0 
1 -39 -55 0 
1 55 37 0 
1 82 -91 0 
1 -7 45 0 
1 2 -85 0 
1 -64 -68 0 
1 -15 -99 0 
1 63 7 0 
1 -25 97 0 
1 -10 -98 0 
1 -67 10 0 
1 10 -21 0 
1 -58 -29 0 
1 -2 -9 0 
1 54 40 0 
1 -57 76 0 
1 -78 64 0 
1 -36 74 0 
1 96 -39 0 
1 -53 -47 0 
1 -33 -69 0 
1 50 66 0 
1 -30 94 0 
1 -39 81 0 
1 -44 -25 0 
1 95 56 0 
1 17 -61 0 
1 -97 -13 0 
1 47 67 0 
1 84 21 0 
1 69 -41 0 
1 -96 -40 0 
1 -98 84 0 
1 26 -97 0 
1 -71 58 0 
1 -87 -50 0 
1 -68 87 0 
1 -31 21 0 
1 20 51 0 
1 -7 -75 0 
1 44 -89 0 
1 -47 -66 0 
1 -84 17 0 
1 -66 69 0 
1 75 93 0 
1 25 87 0 
1 34 -70 0 
1 -37 -27 0 
1 17 -59 0 
1 -99 56 0 
1 29 71 0 
1 42 13 0 
1 -49 -25 0 
1 72 -13 0 
1 -52 -45 0 
1 -89 -49 0 
1 -56 21 0 
1 -93 -104 0 
1 101 8 0 
1 22 -12 0 
1 40 -85 0 
1 16 90 0 
1 -62 -75 0 
1 -80 -2 0 
1 -16 -93 0 
1 1 -54 0 
1 7 80 0 
1 -80 -5 0 
1 -65 -49 0 
1 -89 -97 0 
1 92 65 0 
1 -57 103 0 
1 87 -78 0 
1 92 -47 0 
1 20 53 0 
1 -66 -70 0 
1 -102 66 0 
1 -79 -15 0 
1 -36 -3 0 
1 -42 62 0 
1 9 -97 0 
1 16 -26 0 
1 -40 56 0 
1 -48 -105 0 
1 89 -74 0 
1 -29 49 0 
1 20 -62 0 
1 -41 1 0 
1 69 -71 0 
1 -41 -97 0 
1 -57 73 0 
1 74 47 0 
1 -56 69 0 
1 36 30 0 
1 -89 -82 0 
1 71 65 0 
1 -73 5 0 
1 -58 66 0 
1 -37 -27 0 
1 -34 86 0 
1 -82 -25 0 
1 -72 -38 0 
1 46 50 0 
1 37 52 0 
1 -25 -40 0 
1 -4 -73 0 
1 -2 29 0 
1 64 -65 0 
1 42 -99 0 
1 -96 -93 0 
1 53 48 0 
1 27 -55 0 
1 32 71 0 
1 -87 28 0 
1 -89 -95 0 
1 40 -51 0 
1 -12 23 0 
1 -21 71 0 
1 -92 -61 0 
1 -63 -43 0 
1 34 3 0 
1 49 82 0 
1 24 -80 0 
1 -95 -48 0 
1 -50 -25 0 
