p wcnf 164 82 83 
1 -98 102 0 
1 -138 -110 0 
1 -124 37 0 
1 -78 56 0 
1 84 -126 0 
1 -68 -57 0 
1 26 88 0 
1 -95 -52 0 
1 -138 152 0 
1 87 100 0 
1 44 -122 0 
1 164 98 0 
1 -133 55 0 
1 -124 -163 0 
1 -47 -134 0 
1 17 -146 0 
1 122 -43 0 
1 67 -45 0 
1 -75 -147 0 
1 126 -37 0 
1 -134 -76 0 
1 6 30 0 
1 -123 -91 0 
1 9 97 0 
1 128 -108 0 
1 70 44 0 
1 -7 127 0 
1 -97 -70 0 
1 -21 -138 0 
1 162 -108 0 
1 30 60 0 
1 -23 -158 0 
1 65 122 0 
1 110 61 0 
1 -160 111 0 
1 -128 -130 0 
1 155 -97 0 
1 -50 -28 0 
1 -157 104 0 
1 92 24 0 
1 28 71 0 
1 9 -16 0 
1 -150 33 0 
1 28 -17 0 
1 30 71 0 
1 6 61 0 
1 63 103 0 
1 -92 -29 0 
1 -68 -55 0 
1 -22 -155 0 
1 12 -97 0 
1 140 -94 0 
1 108 85 0 
1 -21 93 0 
1 49 146 0 
1 -62 15 0 
1 136 -63 0 
1 46 104 0 
1 -4 -137 0 
1 97 -64 0 
1 161 46 0 
1 95 -150 0 
1 30 144 0 
1 93 98 0 
1 74 -34 0 
1 -108 35 0 
1 -120 -97 0 
1 143 91 0 
1 -91 136 0 
1 145 115 0 
1 126 -42 0 
1 102 47 0 
1 -136 -103 0 
1 -102 40 0 
1 77 -99 0 
1 -53 115 0 
1 83 26 0 
1 -146 121 0 
1 -128 -106 0 
1 -17 -150 0 
1 -97 82 0 
1 133 -164 0 
