p wcnf 160 80 81 
1 -137 -2 0 
1 -120 83 0 
1 62 143 0 
1 11 -105 0 
1 47 103 0 
1 34 118 0 
1 -160 62 0 
1 50 78 0 
1 136 148 0 
1 -4 92 0 
1 7 5 0 
1 -66 -7 0 
1 126 -123 0 
1 146 74 0 
1 30 -13 0 
1 -50 -43 0 
1 -20 89 0 
1 -142 37 0 
1 94 -140 0 
1 61 -68 0 
1 -109 -42 0 
1 -49 -81 0 
1 34 -95 0 
1 -31 53 0 
1 129 -58 0 
1 -61 -48 0 
1 -87 -53 0 
1 14 130 0 
1 120 116 0 
1 127 89 0 
1 -144 -59 0 
1 59 -36 0 
1 -40 -148 0 
1 -39 -146 0 
1 25 73 0 
1 -116 48 0 
1 -140 83 0 
1 -146 -72 0 
1 -158 101 0 
1 77 132 0 
1 -50 120 0 
1 133 60 0 
1 136 150 0 
1 156 94 0 
1 -52 -59 0 
1 15 -106 0 
1 4 -109 0 
1 107 50 0 
1 -46 78 0 
1 -121 105 0 
1 144 140 0 
1 56 -25 0 
1 -15 -2 0 
1 121 140 0 
1 -144 156 0 
1 -71 -21 0 
1 17 125 0 
1 -73 -2 0 
1 -6 21 0 
1 -19 -62 0 
1 61 154 0 
1 -72 86 0 
1 55 33 0 
1 91 -4 0 
1 -134 48 0 
1 -91 28 0 
1 94 -104 0 
1 34 -62 0 
1 41 90 0 
1 117 -58 0 
1 24 28 0 
1 107 156 0 
1 160 -5 0 
1 64 -47 0 
1 -146 -63 0 
1 153 46 0 
1 160 73 0 
1 -97 -159 0 
1 -73 3 0 
1 -81 -26 0 
