p wcnf 139 70 71 
1 52 126 0 
1 8 -129 0 
1 116 -42 0 
1 102 -74 0 
1 71 -47 0 
1 -9 10 0 
1 74 100 0 
1 18 -133 0 
1 -58 36 0 
1 -76 -23 0 
1 -81 46 0 
1 138 -65 0 
1 122 89 0 
1 26 -96 0 
1 -107 27 0 
1 130 93 0 
1 -86 -9 0 
1 -101 -66 0 
1 13 20 0 
1 -83 -99 0 
1 -51 59 0 
1 -90 96 0 
1 -107 -73 0 
1 -110 61 0 
1 -53 139 0 
1 -56 1 0 
1 -34 15 0 
1 -134 13 0 
1 -114 -134 0 
1 -51 36 0 
1 -85 2 0 
1 89 114 0 
1 35 -53 0 
1 -63 -81 0 
1 -136 -65 0 
1 47 13 0 
1 -70 28 0 
1 -20 -71 0 
1 -121 17 0 
1 136 121 0 
1 49 31 0 
1 -92 -74 0 
1 100 16 0 
1 -22 34 0 
1 -53 55 0 
1 -94 44 0 
1 -59 20 0 
1 -92 -36 0 
1 -131 -120 0 
1 -45 -69 0 
1 82 22 0 
1 10 57 0 
1 -7 71 0 
1 65 -115 0 
1 -55 33 0 
1 -48 114 0 
1 117 -12 0 
1 95 -120 0 
1 110 139 0 
1 -18 -116 0 
1 131 -25 0 
1 -59 31 0 
1 66 49 0 
1 -59 43 0 
1 121 91 0 
1 -48 19 0 
1 3 136 0 
1 -75 123 0 
1 -79 -138 0 
1 -5 -107 0 
