p wcnf 190 95 96 
1 27 -29 0 
1 -103 42 0 
1 18 67 0 
1 137 155 0 
1 90 44 0 
1 -189 -61 0 
1 157 -51 0 
1 -28 156 0 
1 106 158 0 
1 -118 -91 0 
1 135 103 0 
1 -22 -69 0 
1 118 164 0 
1 -53 16 0 
1 -138 105 0 
1 -52 -41 0 
1 -173 -108 0 
1 54 59 0 
1 170 -187 0 
1 -146 -72 0 
1 138 14 0 
1 162 82 0 
1 86 123 0 
1 138 122 0 
1 -12 60 0 
1 -61 79 0 
1 103 148 0 
1 -98 -91 0 
1 26 110 0 
1 25 -83 0 
1 105 -81 0 
1 124 164 0 
1 86 -151 0 
1 21 117 0 
1 131 -150 0 
1 -73 135 0 
1 -178 16 0 
1 136 -123 0 
1 184 139 0 
1 150 -25 0 
1 125 -91 0 
1 166 -78 0 
1 -63 -45 0 
1 -152 -86 0 
1 93 185 0 
1 170 137 0 
1 32 110 0 
1 100 31 0 
1 116 -80 0 
1 79 136 0 
1 104 -80 0 
1 -118 131 0 
1 -134 98 0 
1 -146 -83 0 
1 30 -113 0 
1 109 85 0 
1 146 -72 0 
1 185 108 0 
1 51 -8 0 
1 99 -83 0 
1 -83 106 0 
1 7 74 0 
1 -148 69 0 
1 -180 93 0 
1 43 116 0 
1 -35 101 0 
1 -39 125 0 
1 -158 -17 0 
1 -49 -172 0 
1 41 188 0 
1 -46 133 0 
1 -143 -123 0 
1 -31 128 0 
1 -108 117 0 
1 -81 -57 0 
1 -27 -171 0 
1 1 18 0 
1 189 114 0 
1 -65 111 0 
1 -130 116 0 
1 -30 166 0 
1 -70 135 0 
1 8 141 0 
1 20 143 0 
1 -84 33 0 
1 -131 164 0 
1 -117 -128 0 
1 -143 27 0 
1 103 -115 0 
1 -112 -117 0 
1 -144 155 0 
1 74 -2 0 
1 11 102 0 
1 26 36 0 
1 -6 106 0 
