p wcnf 107 54 55 
1 79 47 0 
1 -6 -23 0 
1 88 -94 0 
1 13 -57 0 
1 30 93 0 
1 -84 -41 0 
1 90 75 0 
1 8 27 0 
1 -87 -90 0 
1 25 100 0 
1 102 38 0 
1 -39 97 0 
1 22 69 0 
1 -104 -38 0 
1 83 80 0 
1 64 -55 0 
1 -25 33 0 
1 -89 -40 0 
1 -3 -98 0 
1 -5 -29 0 
1 101 24 0 
1 36 -3 0 
1 -85 53 0 
1 -82 -43 0 
1 -87 85 0 
1 -9 100 0 
1 26 -40 0 
1 102 -48 0 
1 90 -40 0 
1 -36 27 0 
1 80 17 0 
1 -48 104 0 
1 -4 84 0 
1 -102 -35 0 
1 -50 102 0 
1 25 -107 0 
1 78 -95 0 
1 33 -27 0 
1 23 -18 0 
1 39 102 0 
1 -94 -26 0 
1 -103 -77 0 
1 -31 62 0 
1 -66 81 0 
1 -65 50 0 
1 96 31 0 
1 100 16 0 
1 46 -98 0 
1 -48 -75 0 
1 -85 -53 0 
1 -95 50 0 
1 30 -105 0 
1 38 -74 0 
1 -103 -35 0 
