p wcnf 198 99 100 
1 110 155 0 
1 104 106 0 
1 128 134 0 
1 -148 103 0 
1 -63 -191 0 
1 -197 -95 0 
1 54 166 0 
1 45 43 0 
1 141 -188 0 
1 87 -177 0 
1 -68 -132 0 
1 -172 -16 0 
1 147 93 0 
1 142 172 0 
1 -22 168 0 
1 13 -97 0 
1 6 -78 0 
1 177 -13 0 
1 95 183 0 
1 -163 13 0 
1 65 172 0 
1 150 54 0 
1 64 196 0 
1 91 -129 0 
1 190 181 0 
1 63 -1 0 
1 79 -173 0 
1 22 -186 0 
1 7 88 0 
1 -25 -139 0 
1 60 15 0 
1 122 -140 0 
1 180 -139 0 
1 -128 -191 0 
1 169 38 0 
1 -184 -43 0 
1 43 175 0 
1 160 -164 0 
1 -54 17 0 
1 -73 117 0 
1 30 -51 0 
1 -130 183 0 
1 -81 -40 0 
1 29 162 0 
1 -195 46 0 
1 -170 -107 0 
1 -60 6 0 
1 -151 146 0 
1 -142 113 0 
1 180 -186 0 
1 -46 -7 0 
1 111 140 0 
1 23 155 0 
1 34 116 0 
1 182 198 0 
1 63 134 0 
1 141 -84 0 
1 -13 174 0 
1 -67 180 0 
1 43 -123 0 
1 -105 -147 0 
1 -37 -192 0 
1 181 -140 0 
1 173 -18 0 
1 -175 189 0 
1 -195 158 0 
1 -70 -173 0 
1 29 150 0 
1 71 -140 0 
1 167 -66 0 
1 86 89 0 
1 -91 -55 0 
1 15 -73 0 
1 190 -94 0 
1 121 -14 0 
1 136 -58 0 
1 6 76 0 
1 -51 -121 0 
1 -167 149 0 
1 -162 -22 0 
1 53 -92 0 
1 -172 -157 0 
1 -25 -116 0 
1 -189 124 0 
1 -105 100 0 
1 138 178 0 
1 -31 -73 0 
1 109 -17 0 
1 105 171 0 
1 112 -180 0 
1 100 -31 0 
1 -126 142 0 
1 143 -39 0 
1 112 108 0 
1 -147 -183 0 
1 34 78 0 
1 -60 24 0 
1 -160 -151 0 
1 -168 190 0 
