p wcnf 111 134 135 
1 -17 -44 0 
1 -26 -44 0 
1 30 62 0 
1 96 56 0 
1 87 -64 0 
1 19 -105 0 
1 65 91 0 
1 -14 16 0 
1 28 -110 0 
1 -37 -1 0 
1 -59 -60 0 
1 -95 103 0 
1 45 -29 0 
1 94 -27 0 
1 14 62 0 
1 -110 -39 0 
1 69 -56 0 
1 -106 -67 0 
1 -27 32 0 
1 58 61 0 
1 -102 -68 0 
1 -29 -3 0 
1 50 9 0 
1 -21 -101 0 
1 -101 -3 0 
1 1 -73 0 
1 7 111 0 
1 -80 64 0 
1 18 19 0 
1 -89 -39 0 
1 51 -72 0 
1 -11 -94 0 
1 41 91 0 
1 -64 19 0 
1 -77 -98 0 
1 44 7 0 
1 81 -94 0 
1 79 -55 0 
1 -67 9 0 
1 -72 -62 0 
1 -87 45 0 
1 62 4 0 
1 80 -43 0 
1 -57 59 0 
1 -60 -39 0 
1 -33 36 0 
1 49 35 0 
1 52 -56 0 
1 9 38 0 
1 103 69 0 
1 96 27 0 
1 101 -26 0 
1 17 78 0 
1 9 68 0 
1 41 100 0 
1 101 -57 0 
1 -42 -24 0 
1 34 -43 0 
1 23 -4 0 
1 50 69 0 
1 75 -60 0 
1 -97 61 0 
1 -38 -33 0 
1 -24 -35 0 
1 94 97 0 
1 75 4 0 
1 79 76 0 
1 47 -88 0 
1 80 87 0 
1 -37 34 0 
1 -110 -19 0 
1 82 -15 0 
1 92 -26 0 
1 -12 -62 0 
1 -28 -5 0 
1 62 57 0 
1 -11 -98 0 
1 43 18 0 
1 -24 2 0 
1 56 100 0 
1 65 -50 0 
1 -3 89 0 
1 -95 21 0 
1 85 16 0 
1 22 50 0 
1 -27 -71 0 
1 45 16 0 
1 -70 41 0 
1 75 -76 0 
1 -40 -53 0 
1 -72 93 0 
1 -55 63 0 
1 -20 -55 0 
1 -29 104 0 
1 3 -82 0 
1 -99 20 0 
1 -66 109 0 
1 -96 111 0 
1 81 -70 0 
1 -47 75 0 
1 95 -25 0 
1 35 32 0 
1 -92 43 0 
1 84 -40 0 
1 -77 26 0 
1 1 12 0 
1 95 -62 0 
1 -52 99 0 
1 86 -63 0 
1 -73 -70 0 
1 62 -13 0 
1 58 -27 0 
1 -89 -6 0 
1 61 15 0 
1 42 29 0 
1 41 -108 0 
1 38 70 0 
1 88 -26 0 
1 -24 15 0 
1 -56 -109 0 
1 -36 46 0 
1 -90 -13 0 
1 24 -89 0 
1 72 30 0 
1 -107 24 0 
1 -16 -75 0 
1 -104 -21 0 
1 -50 -15 0 
1 110 58 0 
1 65 13 0 
1 -70 100 0 
1 107 -35 0 
1 -34 53 0 
1 -88 -63 0 
