p wcnf 138 165 166 
1 -20 -79 0 
1 -94 80 0 
1 43 131 0 
1 -92 -7 0 
1 -114 39 0 
1 48 91 0 
1 -15 -136 0 
1 -15 9 0 
1 128 3 0 
1 125 119 0 
1 62 66 0 
1 19 128 0 
1 -1 90 0 
1 -14 84 0 
1 -41 78 0 
1 7 63 0 
1 -81 50 0 
1 131 86 0 
1 108 83 0 
1 -48 2 0 
1 -79 -98 0 
1 99 125 0 
1 -25 115 0 
1 -125 -86 0 
1 9 34 0 
1 132 100 0 
1 11 113 0 
1 121 -40 0 
1 -126 31 0 
1 -32 -1 0 
1 -25 -99 0 
1 97 36 0 
1 18 -68 0 
1 -37 13 0 
1 -47 81 0 
1 79 -112 0 
1 134 15 0 
1 20 -135 0 
1 85 -78 0 
1 -93 137 0 
1 15 7 0 
1 -114 -105 0 
1 -79 37 0 
1 -1 -15 0 
1 -83 -33 0 
1 98 73 0 
1 56 -80 0 
1 -15 -56 0 
1 -5 -61 0 
1 13 -49 0 
1 134 -64 0 
1 13 49 0 
1 46 -14 0 
1 105 -33 0 
1 -7 43 0 
1 111 93 0 
1 33 47 0 
1 -12 34 0 
1 97 4 0 
1 87 -8 0 
1 118 -18 0 
1 -25 -99 0 
1 42 -121 0 
1 15 -68 0 
1 60 103 0 
1 -77 10 0 
1 113 -67 0 
1 -61 -35 0 
1 20 -127 0 
1 -11 -75 0 
1 94 83 0 
1 -35 -81 0 
1 98 -15 0 
1 -96 -57 0 
1 -106 7 0 
1 56 108 0 
1 93 124 0 
1 39 66 0 
1 -54 -84 0 
1 122 89 0 
1 120 92 0 
1 -138 19 0 
1 20 -58 0 
1 -4 -17 0 
1 -69 111 0 
1 -109 -63 0 
1 100 -128 0 
1 -34 63 0 
1 68 -20 0 
1 -30 7 0 
1 93 26 0 
1 -4 25 0 
1 -82 10 0 
1 70 16 0 
1 -49 93 0 
1 -104 46 0 
1 54 -104 0 
1 94 33 0 
1 95 111 0 
1 -117 -13 0 
1 39 110 0 
1 -54 120 0 
1 46 -75 0 
1 -50 6 0 
1 68 31 0 
1 89 78 0 
1 122 94 0 
1 -52 2 0 
1 -73 21 0 
1 116 39 0 
1 -90 -32 0 
1 -14 -75 0 
1 10 -110 0 
1 -102 7 0 
1 46 86 0 
1 -66 16 0 
1 -59 91 0 
1 70 77 0 
1 -91 70 0 
1 -44 38 0 
1 34 98 0 
1 -42 -129 0 
1 -46 -53 0 
1 -109 -125 0 
1 134 74 0 
1 -7 -32 0 
1 96 -120 0 
1 6 78 0 
1 -95 -108 0 
1 -101 109 0 
1 -56 -103 0 
1 58 125 0 
1 116 -48 0 
1 -76 -46 0 
1 38 -94 0 
1 81 -109 0 
1 -125 138 0 
1 14 5 0 
1 20 102 0 
1 33 90 0 
1 26 14 0 
1 -89 -133 0 
1 -62 -7 0 
1 48 -54 0 
1 -91 69 0 
1 32 -122 0 
1 -20 -70 0 
1 45 -49 0 
1 -105 51 0 
1 79 -98 0 
1 112 -20 0 
1 -116 -45 0 
1 24 -98 0 
1 133 -91 0 
1 -87 132 0 
1 -134 16 0 
1 -110 23 0 
1 -28 -109 0 
1 -117 87 0 
1 37 69 0 
1 36 -72 0 
1 -66 -115 0 
1 -38 104 0 
1 16 64 0 
1 85 131 0 
